1624110239365 0.2084610916528937 1
1624111056948 0.1733371083024576 2
1624111872326 0.17072094629329246 3
1624112685655 0.16925630712117115 4
1624113497807 0.16802053524682642 5
1624114317277 0.16789729842387513 6
1624115128210 0.16734928481652878 7
1624115942703 0.1668530743110848 8
1624116756290 0.16676323820953684 9
1624117567438 0.16623659805370888 10
1624118384841 0.16614812763632433 11
1624119201231 0.1659316563259597 12
1624120023367 0.16549453831728134 13
1624120840139 0.16547475149911736 14
1624121657301 0.16515099333460817 15
1624122473765 0.165044238176038 16
1624123285033 0.16509021786875325 17
1624124096700 0.16453189717721417 18
1624124911260 0.1648800697191261 19
1624125728750 0.16444856121718665 20
