1624171526351 0.16747329334689898 1
1624172145920 0.15124084335273708 2
1624172764405 0.1489233113326803 3
1624173381284 0.147590509214758 4
1624173997502 0.1468426727592365 5
1624174613397 0.14605056860658663 6
1624175231549 0.14551046421783104 7
1624175844429 0.14509888455144826 8
1624176456291 0.14484824988891318 9
1624177069505 0.1447407423253477 10
1624177681596 0.14414445880954574 11
1624178294963 0.14413126713059243 12
1624178906868 0.1439582209472166 13
1624179519528 0.14384918242982994 14
1624180139090 0.1435390022331781 15
1624180755101 0.14333740544761475 16
1624181369818 0.14308933921865302 17
1624181984252 0.14312031019225246 18
1624182601594 0.1429658173254879 19
1624183217899 0.14295540312237112 20
